Cext	= 135.0449052
Qext	= 3.791149625
Cabs	= 2.047466084e-16
Qabs	= 5.74790309e-18
